image_width: 640
image_height: 480
camera_name: camera_640x480
camera_matrix:
  rows: 3
  cols: 3
  data: [230.756644, 0.000000, 325.899292, 0.000000, 230.329728, 227.564926, 0.000000, 0.000000, 1.000000]
distortion_model: plumb_bob
distortion_coefficients:
  rows: 1
  cols: 5
  data: [0.091499, -0.059146, -0.003086, -0.000033, 0.000000]
rectification_matrix:
  rows: 3
  cols: 3
  data: [1.000000, 0.000000, 0.000000, 0.000000, 1.000000, 0.000000, 0.000000, 0.000000, 1.000000]
projection_matrix:
  rows: 3
  cols: 4
  data: [-1080.518921, 0.000000, 636.712936, 0.000000, 0.000000, 518.138428, 490.695944, 0.000000, 0.000000, 0.000000, 1.000000, 0.000000]
