image_width: 640
image_height: 480
camera_name: camera_zero_640x480
camera_matrix:
  rows: 3
  cols: 3
  data: [494.580641, 0.000000, 336.356203, 0.000000, 493.842887, 253.683897, 0.000000, 0.000000, 1.000000]
distortion_model: plumb_bob
distortion_coefficients:
  rows: 1
  cols: 5
  data: [-0.335359, 0.119467, 0.000888, 0.002031, 0.000000]
rectification_matrix:
  rows: 3
  cols: 3
  data: [1.000000, 0.000000, 0.000000, 0.000000, 1.000000, 0.000000, 0.000000, 0.000000, 1.000000]
projection_matrix:
  rows: 3
  cols: 4
  data: [416.259644, 0.000000, 344.776251, 0.000000, 0.000000, 450.843872, 256.833743, 0.000000, 0.000000, 0.000000, 1.000000, 0.000000]
