image_width: 480
image_height: 360
camera_name: camera_zero_480x360
camera_matrix:
  rows: 3
  cols: 3
  data: [356.227263, 0.000000, 260.395636, 0.000000, 355.371038, 194.090546, 0.000000, 0.000000, 1.000000]
distortion_model: plumb_bob
distortion_coefficients:
  rows: 1
  cols: 5
  data: [-0.342823, 0.118560, -0.001595, -0.001092, 0.000000]
rectification_matrix:
  rows: 3
  cols: 3
  data: [1.000000, 0.000000, 0.000000, 0.000000, 1.000000, 0.000000, 0.000000, 0.000000, 1.000000]
projection_matrix:
  rows: 3
  cols: 4
  data: [292.708069, 0.000000, 267.685210, 0.000000, 0.000000, 320.336182, 196.637295, 0.000000, 0.000000, 0.000000, 1.000000, 0.000000]
